476299978986578997983846913253594992892482162917996172336324947195179993182669195394999887569964774958731118919768911819495712436461511391359327312811728344743515821628111429377121641511199867117588510
287868938914847751999912317343983991642185976678939817779274539998798979939936989886996287988185788639897914912595886211112342845419411275329618778914192888138564111981918114114719199711739819929689970
468184468657798892982599671699999959514226385953967589925797159287567432529282169869687952512999894257929557976881991319361178271111116162533749616417869113681826139867854363139327197179816362311191530
933678715969992934823639695714957528691814917691984517539691597965897986487197798167979495887759467814478982617111314593474171682516863971292512871219562864171261817691819759821881927818151699886157890
441277886528987698981769743999115831649888884638986922148194618835939939198799979999766949986171766155238899763919871919287185411122694275199999574919713325921572994614114121981118111187715119728287720
143989175897269774261199978891291789138586119428653796915992972981926982236739192621558146796558699225419128691837188537221118991231289124969722153976481712611318319213719334784121373266925781766971130
335287275975959161195771828841191563712868716899693995967278487392413297874768796949191382824837857844639838618616127221688293995221267482397982791171411617838959841352431898587981715121249393594896890
629198251819234288178573884499618899966849193182956789651888295959494296981619594889928172813999878873121936292134539928968499551172991117795121429316789176299931616151531719272161599113928392411198990
929677193899919774489267969986814882528539796777594674998615497983988532366959879628977567898898869913178821491112188559137817119792599363964181788861578511972651819419964347716198173918867891991997110
884494598791879488195298549917859791868679253993754947926625165621778985599529917793987972763919518799551561981298159921631965112896181297978136411486515813773627673288919661163112881419818387412162980
984595929555832789889995884154672785798975938871494929793173989988151899885823178294638576881699717819561613166694389199111699526578389681918614998251513181428419119926291199693428931574968799271182890
939999987192958329919957958151951397985559638948697291247769538596359699997616681489627794879799265814111119821316943112116816926216241819666174915971831235887164961746171111872779259173881598181137690
995992698295535482459757299838699697759111783691797991829273597399927491999978922997979211653615533211611371931664659356186831194971171886122289471281811293138461841113851211118913311818132276472664430
192889274699486891699259197859782698681843546738991275957958183358919114815269171876947596186919968821399138571159791271136121896189371979295465784911238616816929446912122592637128298715861729712117990
782134719388964779111958693871735967745275967693859928799997285979987797598778158462997968943197593789324582149917588122216971498284617885638617871496113981111839618119881861988926957311817915421861480
189256891621699992928968876894187198653436558128972881119978469696971527189375859876872789967947283929136791273271111313917998791529821976454766923918399222118957171718263829148696198798389117815839410
921929469488978883792592689712496361798488793923787789992973635984337199796377897829365899787345199813213157159918999481361379182351747281959981413489889111318474619544821181748891893147691189845621190
195756575998996878569998144959842899851239266291676689996189248239792798457951967971419964471999658821686768611911798967111925516195391196234137731278779111729135934181381956816217818252117558211176990
945896227187269999885384517798923394971486817419151288967161592878469381661112999177982456847358132515691733829837111199649562881913441518259792852126239917827261398957149277222311128819356795846924360
389246179473974988999989918678197698856647283134475479559142921927998779898227679957498636691399279849135728158418519911119112978921871996775839424558658166125313213811988191933878116851974771241138190
773789497695188389769198181131996968174687937792998138972559628886457137651253954994498649977571412388489151871629949187121929224211717928579814881311924918366173999756824876236416511551975118868252340
768792877834919493859786293191867339587225769579395197377719589379369891581959952567878198897893993787981398894512151496189731421297844169833687168141621848882169148147191269216116367898921991891411480
683179496399967336996799888999673249479395662896771299954865989881589726319616766399777912876612791279428151741117844711781199911178435158141677391788231116597619199269183742172787741188812398772381230
899762239548129389945378599347677145875933371179882375766479986964695599924144698813671789591567199991187334165923149115648961145878825698614448228199348687758119717571661113525571992478289161267821110
559993259999841153849984289848958913819678431189529497849818577229532949787285212528579913787689884666111436111195226495119539195916912492178954229163151895192968833164315189839632363968112489879199570
899992979976696991973156799989956715587592987497895564377276687434187598968171917789999694978499929691111318118771711218426781119116782669861319851891667548838779854529861917928212889111171518951113170
359319397431684439948514659341939799189936342933646899977988689795445612269452998681996912469999739246142141854279554115962576145214181129114745314475791118819979181655672337156311979211712357111184130
874194969698622568416179949972984915546859866997294966461785797649967872757791579862998989878817966798521517171973367952728115118319512665796197711831517757289681875117898386881268197311919198992817780
349199849599791931137961999468629981339787597239596199988589795784887798417529297584999919749497853945121195161181214224817211157973119244189861834161721119969181689599881952863131869511112185151896410
752798973848594992162789687927971151999999994573993493133878498659892349898327198229443949787868744486381918495961511327389179813818226211111111568411451424498951976191345191943821933155415189897985550
499489788612391836538926996691273525298298542798679796925839869693884986752469147123639929729198935851159189972341294764913711771238463631931965381978181713694197171499519786357125823474113183121914690
888181636859942694937977989999487232449368629998679883247347468851989638817969498795296686827788635299929274796115371514818819111159834355147973111978199435845857996219174992817151981631779793889974630
875129892956947294979978668499997987549682398726292931919149757795918472449989679959798947826558673898623191316715831518118977951111819865179341983731314212125186881612958355119178116181915893766978490
878229851953849761986687871247927816166391933395598296577459517187312897981759874491641997989917921498933196216495187219779898235813892727741214441661931768856162829842391819286198551275211819112813250
455469111858499394797999326529827817399128262165973768928296589984738991926991442284896889536949873856657122296951141581811143763193892841123937327618487913931769119584911213711255339591799164715198490
927789999897946539992828469995937364919635194857939257996896986898695332774987837797869917721829994113889111191815764111393957111614847512174621596814136811791719791971644388519894881897112883293111520
756933927878576689799976869644883334198892985336879866215885299781553679999491919867159688975767799986714413898968779181118797175599444521991319644798197732699631189266478111151212197826179918687881110
183796454769677394956482699295939216199935555449796189297689919168412127983585583397792857728589789529481756587178841516759371131614132721114666655181729131879112127952323819469669441881396883969189160
274996991934719491859799562326338977917198669477127991839787595872999922699999157895947477479776599538511711214582151296181167343744918812821977158823811294189861698311113371111126891615858858188761160
791161511199911215984762181999766469648888453886869898188739899892928724989179991929969638359987289381227262221112232619587329211187757175999956499797191929984191191313983519128111213117174946119839140
964381875198579193993678172283989398862942996985669759787887456759399672191778561747551982596135747917549298621968121411478928339419141997315311719677186189899856786141178321288967285866219361724685810
236679992399859238668972387696172649139568194889963611998919899887988259861423791893885927279691869134778111341196134977918349871728375124167921599117472211912191199819936197253481291499613838171297120
263199175829729275758729941131938997286479998838819691983629245197919696161597371958745388555793289337421128693183138686983115224214911839758111994992171219473135621812171727261848216985649966681439140
368239564999119454268349826891699896899781558827779988748869899231397993991929939978994898428752278747934167511122156537945193791271191791189266993888119985997191134241811411213114118911591953986338980
897498392891694854448699249996668961487745651299915674948387722199491982791719583549983929111498995791851941391271596555971135111777917259885676231112678515949883321151219381282169465119413122251911680
697969989117293688511535998771493148139468991416368685882749978488885928991376182749938759495997339771817119122831479962264611988251425924157911252747979699385118959999613911248729385114986151611844180
364856983893895929191699399598244686181779119579989749491218956797999979992899881827538994576981949847596719491491613121271141161935579729288122168119185151232916781811118111391199293864911568719215190
617711823919179269699873597468485768817487899892897129597797897968693376691517963875619966619385859972882293412128137171198461857959687992859891191391823161881891817971448771262817498672117772149696110
895933663876999955912959468348284663424989958479993459922379969729198919196699791527263777352629219991614477498711116612316157945939577453519116958111456113348117183121912121771181263837488846373132110
989997897859398889939816784577987612927325962627969667475922287469672238618818944873584512187644751119111891896141999114192789568819872313843617373817177858613339857178334972992915598469562329875586220
639992138995215395279398997249833684812949696881719124778855879981897898453827398882199894279989784374111324911632641638141911835194479592315171799282123588996698119291891956493841999321191538119189540
897858881489989177597199989915641499651597918722797918985276714985849178775612532977886594196189219891896999259119128861821119112675251176261812983381812919638782519695128988672364318899761521729132190
611999968785997749838299968989922999539993589381988878512798791962429798499984123696687983351898971872211117989611885194931117919113311164111469149219998962381981217353181951119523471779819446291918290
971796195699269259869975159989856276879923813897962745836611885475119435821991291669794461683959289118281721671137136197118626119196738798113492491817385694772299658622154693211231277181557279416139120
567326657245699971281815876679919412569679989969419429479499996828799526244596916838977698225911169267843776835671118239292698778112152367178119117152153158151111793981163735561712794918871933612227130
796499947869998894699967622789334842496556799284671721913997733969577169976917415191795599338957739881751115897111991571117873389144595351766781139578283212411884417168827118712852621281661144916884190
412298788114424199539195745989121899759658167985719689118569389986979619918619379644778979598796991952331989922553521164121685619123291186176927819682179122967149119718172112972148175588918161981711210
911891815898638889999929511587699999719591998793723897836671782681497816919493475495231999588661698312291292691974999111113162269871111182161211981483491894778289379251892712151458651634211169977271940
598997999394919979155999599976918916954194594412689787866859797887168891894989725283597498837799988861911811141512118126611161118712912716521561552379189897796181899827991291519183639461851994881119990
937484278958859736691598489983899858833999783265968443419711497819879122799991868192637191775982288514859538916996184771261959119491196994411189437617955452182251892198123381111297921374821288619339960
977884772885997963685195499984119817747977288899999981643694919242933418393497993352719894177918563918899588399611817479621651119522192885818839991111119275471512135314452941451811446382191528812967410
791911128321198698478979887769958589789165799933495881979786918917591179391593998867299939597984992281212223943221971958918199887116969189127681114451699218189712912861228141261411997831114161819511330
982449779974497994689929814181319299745372189289522623284796289436156917699162656817449948539978614719355188118551811579113192529242131185648329139163373439581739154726712871127376792855115964118972580
366994489187674959972887537932925397528954114819647918978756991164448934648718946351981928122932589747711559129878516118399864814313641863916522592175812918986711227555914575982915746219213923314369180
669997488749689994656963775699213998979988951241699797728727424119871114793953478678597339881969742677111859985179111576717488671132411918119916235271181883983853522198222581416458978961844199217185370
399694428589179692919379597417969858194786964389792845863179912999212861469977791277928829456599956241171553969128171312148161852817196921589717549181395697428112311132397257118881238813993156761116730
923953895948919791939785798186918858776799972928681798997199294999769793979777878779591873798883628613416491615912181214189681929712996988781118313979281911821131511187181418188898988161298481999473970
734759553469898589175779783837978114519858926967921595992976893949978498345498979995919388989776897884586166457191969128688189494818922562196913717813261611318791415118951945651918111612149919188791890
823858977874988585174587586695991698324989893898739988166838898599229588898965788558345521399595188493496918898519969628569869771611271943519191491984119927794991961133169991917689966945663241161629950
468869981449829491999469197579716889853858973187228716934967698497941969577989819418719565258998586957997119255193151211157121868182799196496918429833982714517871951815217168819192152982167636911969710
228829291161898192999497851858378149181588514698865559497349599147695319149719893946379928658291111733993131227291921311151896296948925129269962571997666151845161125871642125182191415748113976931222280
595996571879958475298998386746928982344179887161429497875984717791844769578799639798917711898848951761611768298116958631911949785713919345528199827253151898619582881295587168981174181912882291995916280
966964679979666989884546588721679812661278787876577998368865219837461218997279926178619699754892996917717578118177719199565769983278192377238989898768811947997632194857232911838113728972171186591311710
955816518299125531381248469659399981973593871538967298572868593697758981612823989459364931387798581116692762931123664249235957176141119218461498264917831968397961471886919272393419156147514249881969220
115569967982299159967937423484864988993599988146497838286211679889889299997799752849998692668939937222667117819331126117814853459597519911461119925751894939732278199199131111881186395111971377914114830
969779681141312793415629938867929528964982197931474938278956799638979741892894299197997855115938937917188179225242381452673114997813163917519321814258514938916781174918185291391531121811896622614914810
998689969931884791438186949979888768873799771961416679496699998188599988243951999129439446429935971511979117114299581254929715118199987998481188217252778151771111929961119935416211123154155753114618260
899293928763685988894839591198897789878929115999899648587875988719699569999876489189913992978637917391131413987479619991594161221991889198913122611191175969898619982171167111198759129112411318974812840
429128529988173998195592819623418386517852999918928899981791996951588936479556687913912552699894848753123963119928411921661392173452949762896311112913991119281211716269914758166779812412366371191595980
439776299761889949239299967949489276977512987278931157691989676629472676548788852832799729576577761954188731187299115134131117815159138718862319838914226871219178773158378765989996394381183168768887210
976639775546899231997886585882977968959587119798282655778598929699821959817496772937589518949999983918774188665791134211899769699318817916169822181939376688961913171193216192851788314869162915111119410
989394992799139869799798349878527943587377225688299194994923879893396494196918119365676975688369673619141511381124197181181945198963815469848833679931121511513498191441751521712922147678718679947178470
388797983139876256769774969492494991946995922863393996334788276589988779146996397841762255937151368349981819424198736787188517151351511215711613397441411744589938769119988125711741895287336614826247940
511644192894391848247279916869748323999995112694124671998896397982757413858814363986747761986919814962275521391541295935838112797185943411111622371523578211991741819386852496992547419785887219712192510
822597731294846316598988722879991974394362164939297991211883386149279995999287591932999118166629932993361884231595742761919983398111218541547327514131811232299449725138111611139861214311122927773114310
692911877797121994971458886996283824719621691998998992719489919598661268998837426788816127994888698971312298881823211518256999711739493582173271211911911382159112161977237911994853789992723811599971910
928256877399959578917631484828121999184591199591957958699279871389812441213699865134952999883159157713936798841116168912874259593923211129561221161216816971138198249192355232471197624516311199426126880
889968868896957798796769731316774981569731396998439912967999986496979921899597874797445686941553999799117997991716881981787184242788519267184241711954112317811119751718113291161898581855679715266411180
169853798439281197769289989169122512995388937199928977877989893199829893769449469191968891179884796927196481954139221887139119127123362311649914821113918898819191421193191487155157121217991228199581710
898225647141191897879839749885147913997939827896513428894848956899886166618849919767899388585979988891933675825221291898194185199625812411814193891762453991595916791199727772995112187891149969618119990
891899466289297998896679838997884296996548688649915382498223475266145998379553752164749311592999459791291157739131811991778194911899531711765979975112649351933458637725611948166486327585142261311156180
969875819983678479933891298728786192537997569384163661138868896948597987564895189414759276168815998117198692119478958114491231983989721364811867149527477224997991715961819867591629152586138727992611920
928998838974499299994786761998795772795578895929299434475458525918881635356457792867755445873798915113911994918551131111589787211981688381668991613131154558656963612999274646756881397886655698481912620
564979215971914298377889877979319249943989879478638965981895886575592857449719697981994899429599115567518132618212531948899198818142135115419198158974917619291699768661396855182171819211591153161122660
995599622389878779962927492741762927967728189989699838991659779841264941761993987223361797299197297911661173349198988117313851385287313817883929119171194911276188195237515287211419833447281831121831810
889697241779689746619877184959833365981159328798499879998222792376989988769798919693349179765658995999171835288179185772198829516194447619226143981951198111933381348719119987181912171445128187676911610
892919769568594698995545199699284778435919864998173976624781919213566849986286996711198534196947157791312187167961571911665621171139588954612197511928418773589212132467795119739711782221964521715826880
775849398582754848797838997835256179819725119198836999916883829872677897229194482644798182998797767888695141969386595981894911894636728192183622121994711112799493198378891833121559375581929311981887890
959689918924792999899832967379272978979557915888971959699936979966779537828366938414779717995589599516179112913581311191194317848138318918166812699918216171114718117788164893947714952588182811669161160
486874339482881798969543487985378973481399679179989997698943278889997485934989321279656134913894993959798544159399281917165459819648918459241178128119111871915438999111859614519143238176724512491511410
587311189197689118194957124364615113913593273128117283447435158216281114293771216415111998671175885169842229121879122921516823547572622412461438423922839455854626932739222531488232752622211978228699620
398979149125958862111123428454194112753296187789141928881385641119819181141147191997117398199296899741918125123616997322223453956521522386431729889125213999249675222192129225225821211822841921131791180
579295579768819913193611782711111161625337496164178691136818261398678543631393271971798163623111915368131668187992112421472289382222227273644851727528971224792937241978965474241438218281927473422212640
144789826171113145934741716825168639712925128712195628641712618176918197598218819278181516998861578925589193728222425614585282793627974182313623982321673975282372928712921861932992138929262711997268910
552388997639198719192871854111226942751999995749197133259215729946141141219811181111877151197282877266349911874121982121398296522233715386211111685121824436132683115725225232192229222298826221839398830
254191286918371885372211189912312891249697221539764817126113183192137193347841213732669257817669711336521239712948299648332229112342391235171833264187592823722429421324821445895232484377136892877182240
446398386186161272216882939952212674823979827911714116178389598413524318985879817151212493935948968955741949729727238332799314116332378593418193812282522728949161952463542919698192826232351414615917910
731219362921345399289684995511729911177951214293167891762999316161515317192721615991139283924111989984232147313245641139179511662283112228816232531427891287311142727262642821383272611224139413522219110
131788214911121885591378171197925993639641817888615785119726518194199643477161981739188678919919971124289932512223299661248928221813611474175292899972689622183762921521175458827219284129978912112118220
995515619812981599216319651128961812979781364114865158137736276732889196611631128814198183874121629811662672192319261132742176223917292318189247522597626924884738784399121772274223992521929498523273190
195616131666943891991116995265783896819186149982515131814284191199262911996934289315749687992711828921672724277715491211222711637689491792129725119362624292539521221137312211714539142685179811382293910
141111198213169431121168169262162418196661749159718312358871649617461711118727792591738815981811376925222221932427154223227927137327352921777285126182942346998275172857282222983881361284992619292248710
116113719316646593561868311949711718861222894712818112931384618411138512111189133118181322764726644322722482142775761467297942215182282997233391582392922314249572952224962322229124422929243387583775540
213991385711597912711361218961893719792954657849112386168169294469121225926371282987158617297121179932411249682261812382247232917291482181316576895122349727927131557123233613748239319826972831823228110
893245821499175881222169714982846178856386178714961139811118396181198818619889269573118179154218614891435693251128699233327182519395728996749728982517224192222941729221992972199137168422928126532972590
291367912732711113139179987915298219764547669239183992221189571717182638291486961987983891178158394131247812384382222424128119812631932187565877134129411333229168282829374931259717219819491228926941520
132131571599189994813613791823517472819599814134898891113184746195448211817488918931476911898456211924324268261129111592472481293462858392161192524591991222429585721655932292859912914258712291956732210
216867686119117989671119255161953911962341377312787791117291359341813819568162178182521175582111769932797879722122819178222136627216412217345248842389881222831246145292492167927328929363228669322287110
156917338298371111996495628819134415182597928521262399178272613989571492772223111288193567958469243626712844931948222211751673992124552629361813963237341128938372419168251388333422239921467816957135470
491357281584185199111191129789218719967758394245586581661253132138119881919338781168519747712411381951246839269529621122221223189132982117886941535669769277236424324922199212144989227962185882352249210
884891518716299491871219292242117179285798148813119249183661739997568248762364165115519751188682523499591262982731151298232131335322828139681925992422135129477284111867935987347527622662186229979363450
879813988945121514961897314212978441698336871681416218488821691481471912692161163678989219918914114898192419915623262517291842532318955271944798279252732959993271259258212371327227478919132112912522590
794281517411178447117811999111784351581416773917882311165976191992691837421727877411888123987723812381539262852228955822892211122289546269252788412899342227618721211371294853283898852299923419883492340
911873341659231491156489611458788256986144482281993486877581197175716611135255719924782891612678211112298445276134251226759172256989936719725559339211459798869221828682772224636682113589391272378932220
661114361111952264951195391959169124921789542291631518951929688331643151898396323639681124898791995777222547222216337516221641216127123513289165331274262916213179944275426291941743474179223591981211680
911113181187717112184267811191167826698613198518916675488387798545298619179282128891111715189511131712222429229882822329537892221227893771972421962912778659949881965631972128139323991222282629162224280
461421418542795541159625761452141811291147453144757911188199791816556723371563119792117123571111841357253252965381665226173687256325292231225856425586812229921181292766783448267422181322823468222295240
985215171719733679527281151183195126657961977118315177572896818751178983868812681973119191989928177819632628282184478163839226229421623776817218822942628868391792986228919497992379218422121219113928890
451211951611812142248172111579731192441898618341617211199691816895998819528631318695111121851518964156232216272292325335928322268184221355291972945272832221171292791611992163974242971622223296262917520
863819184959615113273891798138182262111111115684114514244989519761913451919438219331554151898979855597492129516172622438491281924929337322222222679522562535519162187212456212154932144266526291918196660
511591899723412947649137117712384636319319653819781817136941971714995197863571258234741131831219146962261291183452315875124822882349574742142176492189292824715218282511621897468236934585224294232125710
999292747961153715148188191111598343551479731119781994358458579962191749928171519816317797938899746311131385817226482625929921222261945466258184222189211546956968117321285113928262192742881814991185740
986231913167158315181189779511118198651793419837313142121251868816129583551191781161819158937669784919734212427826942629229188162222921976281452194842425323236297992723169466221289227292126914877189510
989331962164951872197798982358138927277412144416619317688561628298423918192861985512752118191128132519144217327516298321881919346924913838852325552772142879967273931953412921397219662386322921223924360
566571222969511415818111437631938928411239373276184879139317691195849112137112553395917991647151984967768233317162252692922254874214913952234148438729598124142871221695122324822366441612811275826219510
138891111918157641113939571116148475121746215968141368117917197919716443885198948818971128832931115224991222212926875222414168222725958623285732617925247922812821812182755499621915992918223994314222630
867144138989687791811187971755994445219913196447981977326996311892664781111512121978261799186878811197825524919179881292229818286611555632112421755819218843711742291377589222262323218937281129798992220
294817565871788415167593711316141327211146666551817291318791121279523238194696694418813968839691891631592867698289952627861482242725243832225777766292831242981223238163434921571771552992417994171291270
385117112145821512961811673437449188128219771588238112941898616983111133711111268916158588581887611649622822325693262317292278454855129923932188269934922315291972719422224482222237912726969969299872270
812272622211122326195873292111877571759999564997971919299841911913139835191281112131171749461198391492338373332223343721698431322298868286111167511818212131195212212424194621239222324228285157221941250
175492986219681214114789283394191419973153117196771861898998567861411783212889672858662193617246858128651319732179232522589139441521252118426422821788297291911967897252289432399178396977321472835796920
347781113411961349779183498717283751241679215991174722119121911998199361972534812914996138381712971245889222452217245188129451982839486235278132611228583322123212211921147218364592312511724949282318230
374211286931831386869831152242149118397581119949921712194731356218121717272618482169856499666814391448532239714294249797194226335325122941869222115113282321584246732923282838372959327196751177792541250
479341675111221565379451937912711917911892669938881199859971911342418114112131141189115919539863389858145278622233267648156214812382212812291377114999221196118212245352922522324225229122612164197449190
918519413912715965559711351117779172598856762311126785159498833211512193812821694651194131222519116812962152412382617666182246222888128361996787342223789626151994432262321492393271576221524233362122790
718171191228314799622646119882514259241579112527479796993851189599996139112487293851149861516118441882928221233942581173375722199362536135268122363858181711496229161111724122359831496225197262722955290
475967194914916131212711411619355797292881221681191851512329167818111181113911992938649115687192151958617821512512724232382252272146681831399233279221296262343127892922229222412211314975122679821326210
728822934121281371711984618579596879928598911913918231618818918179714487712628174986721177721496961183993314523239248282219572968161798113961912212412934272992912928182559882373928519783228883251717220
916144774987111166123161579459395774535191169581114561133481171831219121217711812638374888463731321112725588519822227723427268156141688564621227169222567224459228294232123232882292374948599957484243220
191118918961419991141927895688198723138436173738171778586133398571783349729929155984695623298755862221222912917252111225213891679921983424954728484928288969724441968289445183113126619571673431986697330
741113249116326416381419118351944795923151717992821235889966981192918919564938419993211915381191895485222435122743752749252122946215581613426282811393234699117719221312912167514952111432212649221291650
918969992591191288618211191126752511762618129833818129196387825196951289886723643188997615217291321912917111361221239972932221223786362287372923194492923121749893621716239199783475429911872632831243210
722111179896118851949311179191133111641114691492199989623819812173531819511195234717798194462919182983322228191722996215142228121224422275222571251321119173492192328464292162221634582881921557312129310
182817216711371361971186261191967387981134924918173856947722996586221546932112312771815572794161391229392832782248247218229737221217849819224513512928496715883311769733265714322342388292668381527241230
678437768356711182392926987781121523671781191171521531581511117939811637355617127949188719336122271378954887946782229341313719889223263478289221228263264269262222814192274846672823815129982144723338240
817511158971119915711178733891445953517667811395782832124118844171688271187128526212816611449168841992862226918222112682228984491255616462877892241689394323522995528279938229823963732392772255127995210
523319899225535211641216856191232911861769278196821791229671491197181721129721481755889181619817112163442191133664632275232796721234312297287138921793281233178251221829283223183259286699129272192822320
122912926919749991111131622698711111821612119814834918947782893792518927121514586516342111699772719423312313712185111222224273371982222293272322192594512915889391481362913823262569762745322271188382150
619118111415121181266111611187129127165215615523791898977961818998279912915191836394618519948811199972122922252623229237722272229823123827632672663481291918817292911938112312621294741572962115992221110
148595389169961847712619591194911969944111894376179554521822518921981233811112979213748212886193399625961649127117295882372161221512217115522291548728166563293362913219234492222318132485932399721441170
188995883996118174796216511195221928858188399911111192754715121353144529414518114463821915288129674129911699411722928581732762221633213996929941112222221386582623246425563152562922557493212639923178520
812122239432219719589181998871169691891276811144516992181897129128612281412614119978311141618195113392323334154332182169129211998227171291238792225562711329291823123972339252372522118942225272921622440
193551881185518115791131925292421311856483291391633734395817391547267128711273767928551159641189725821466299229662922681224213631353242296759431241274484541692841265837823982238487813966226175229183690
477115591298785161183998648143136418639165225921758129189867112275559145759829157462192139233143691858822661231989627229411975925424752974127633613286923129197822338666125686193126857321324134425471290
771118599851791115767174886711324119181199162352711818839838535221982225814164589789618441992171853788222961196281222687828599782243522129221127346382292994194964633219333692527569189172955211328296480
411715539691281713121481618528171969215897175491813956974281123111323972571188812388139931567611167352282664171239282423259272963928217132691828651292416718539223422243418368229992349924114267872227840
134164916159121812141896819297129969887811183139792819118211315111871814181888989881612984819994739724527512726123292325291792131823117199892229424181392122932242622298292529299919199272319592111584180
845861664571919691286881894948189225621969137178132616113187914151189519456519181116121499191887918995697277568212171239799291515929133673217124828924372722429812526229162156762129222723251121299812910
934969188985199696285698697716112719435191914919841199277949919611331699919176899669456632411616299514517129919621171739671971882722382154621212512195221138815112172244271112128791177156774352272731160
579971192551931512111571218681827991964969184298339827145178719518152171688191921529821676369119697168118221366214262322268232979293811217517129531944193825628982162926328279921213263193278747122171820
339931312272919213111518962969489251292699625719976661518451611258716421251821914157481139769312222844114242338312132422262917317159136231371173682118777262956272236982753236293212526859224187142333390
616117682981169586319119497857139193455281998272531518986195828812955871689811741819128822919959162872722879319227169742122151896824121456639211938364262919721693992316698279192285292123993312116127390
177175781181777191995657699832781923772389898987688119479976321948572329118381137289721711865913117128828689229288821211676871194389213488349191919879922158118743215968343122949224839183282297612422820
166927629311236642492359571761411192184614982649178319683979614718869192723934191561475142498819692227713873142234775351346168287252221329572519375128942179418172582997121383414521267258625351992171330
226671178193311261178148534595975199114611199257518949397322781991991311118811863951119713779141148333778228921442237228925964561618621122572221136862915141843389211211242222992297416222182488125225940
171881792252423814526731149978131639175193218142585149389167811749181852913915311218118966226149148128299281336353492563784225118924274128621432925369625149127892285129296312412642232922917733725125920
119791171142995812549297151181999879984811882172527781517711119299611199354162111231541557531146182622181228225311692365131826229211198119592299328363889262882222131172221146527322234265266864225729370
911314139874796199915941612219918891989131226111911759698986199821711671111987591291124113189748128412242524198581721112615272332112991219124233722212286171919721193282278222219861231223522429185923950
531239631199284119216613921734529497628963111129139911192812117162699147581667798124123663711915959864234174221139522132772413284563151873917422223124112221392322827371125869277881923523477482212616190
541887311872991151341311178151591387188623198389142268712191787731583787659899963943811831687688872165299842298311226245242228926261249829973421949125337982321289884269489876191117415492294279879998320
187741886657911342118997696993188179161698221819393766889619131711932161928517883148691629151111194129885299776812245322911871711429928127271933292141487799172124282214327213962899425971273126222221520
191415113811241971811819451989638154698488336799311215115134981914417515217129221476787186799471784721252622492235218292292156219174926571959944781142232622624519212552862632823133258789829781158289580
499818194241987367871885171513515112157116133974414117445899387691199881257117418952873366148262479451192921535219847898299628262462622326822724418552522855691149871221199236822852916398447725937358150
622755213915412959358381127971859434111116223715235782119917418193868524969925474197858872197121925173386632412652316146949223818296154522222733482634689322112852921497963517113658521896998321823213620
933618842315957427619199833981112185415473275141318112322994497251381116111398612143111229277731143114472995342616853872121194419222329652658438625242922343311551836249222722241972325422233138884225420
713122988818232115182569997117394935821732712119119113821591121619772379119948537899927238115999719182423319992934322629367111822841514693284382322122122493261223272188348122115964891113834922611182120
139367988411161689128742595939232111295612211612168169711381982491923552324711976245163111994261268824147819952227279123985361614134322231672332272327927182249219351213466343582218735627422211537237990
991179979917168819817871842427885192671842417119541123178111197517181132911618985818556797152664111811228118112827992192898295353899621378295352822165223428922221862829224312272919692966781826377522290
271964819541392218871391191271233623116499148211139188988191914211931914871551571212179912281995817138217592165241332998241221238234473422751125932224129919921212532214212598266268232328112339211692820
919336758252212918981941851996258124118141938917624539915959167911997277729951121878911499696181199912144786936332312919215296211736923522925214912873564112616127812211838883116223298912251171729221110
912911577391318119917781949118995317117659799751126493519334586377256119481664863275851422613111561812312268841242922112889215122911642822876181186223751462144569748836722159277597438696253372422267290
171986921194789581144912319839897213648118671495274772249979917159618198675916291525861387279926119228219713221589169225512342194191832475922978251638588335118112826172921978612731263697249838113722130
139119949185511311115897872119816883816689916131311545586569636129992746467568813978866556984819126224122115129662242222691898322192799492779112724242265669767174723111385757867992418997766719592123730
675181326182125319488991988181421351154191981589749176192916997686613968551821718192115911531611226678629243729323642159911219929253246226521219269185128721312711879772417966293282921322612264272233770
116611733491989881173138513852873138178839291191711949112761881952375152872114198334472818311218318122772284451219199228424962496398424928994131221282215122387299216348626398322521944558392942232942920
991718352881791857721988295161944476192261439819511981119333813487191199871819121714451281876769116111282946399281296883219931627215558721337254192162219222144492459821221198292123282556239298787122720
913121871679615719116656211711395889546121975119284187735892121324677951197397117822219645217158268812423298278172682122776732282241699165723218622139529884691323243578816221841822893332175632826937990
886951419693865959818949118946367281921836221219947111127994931983788918331215593755819293119818878999716252171497616192915122915747839213294733232115822223811514219489912944232661486692131422192998910
161791129135813111911943178481383189181668126999182161711147181177881648939477149525881828116691611627281223124692422212215428959249429129277923711129327282225829228899275914158825163699293922771272270
597985441593992819171654598196489184592411781281191118719154389991118596145191432381767245124915114161819655261411392128276561921759129561352289239221222982126549111222961725621254349287835623512622520
000000000000000000000000000000000000000000000000000000000000000000000000000000000000000000000000000000000000000000000000000000000000000000000000000000000000000000000000000000000000000000000000000000000
